6.433333333333334236e-01
6.744444444444444020e-01
6.822222222222222854e-01
9.166666666666667407e-01
9.944444444444444642e-01
9.922222222222222276e-01
9.511111111111111294e-01
9.377777777777778212e-01
9.311111111111111116e-01
9.433333333333333570e-01
9.566666666666666652e-01
9.444444444444445308e-01
8.666666666666666963e-01
8.922222222222222499e-01
7.655555555555555447e-01
5.455555555555555713e-01
9.266666666666666385e-01
7.500000000000000000e-01
8.833333333333333037e-01
8.233333333333333615e-01
5.444444444444443976e-01
8.644444444444444597e-01
8.955555555555556602e-01
7.277777777777777457e-01
8.111111111111111160e-01
9.088888888888888573e-01
5.222222222222222543e-01
8.966666666666667229e-01
8.044444444444445175e-01
8.922222222222221388e-01
9.366666666666667584e-01
7.900000000000000355e-01
9.299999999999999378e-01
9.711111111111111471e-01
8.311111111111111338e-01
8.888888888888888395e-01
6.766666666666666385e-01
5.177777777777777812e-01
7.933333333333333348e-01
9.566666666666666652e-01
8.911111111111110761e-01
9.833333333333333925e-01
9.400000000000000577e-01
9.499999999999999556e-01
9.555555555555556024e-01
9.644444444444444375e-01
9.011111111111111960e-01
8.899999999999999023e-01
9.044444444444444953e-01
9.422222222222221832e-01
