6.355555555555555403e-01
6.600000000000001421e-01
7.433333333333334014e-01
9.899999999999999911e-01
9.788888888888889195e-01
9.955555555555555269e-01
8.811111111111111782e-01
8.955555555555554381e-01
9.622222222222222010e-01
9.422222222222221832e-01
9.488888888888887818e-01
8.311111111111111338e-01
8.622222222222222232e-01
7.944444444444445086e-01
7.555555555555555358e-01
8.677777777777777590e-01
7.744444444444444908e-01
7.011111111111111294e-01
9.277777777777778123e-01
7.911111111111110983e-01
4.188888888888888662e-01
8.688888888888888218e-01
7.666666666666666075e-01
7.922222222222222721e-01
8.800000000000000044e-01
7.588888888888889461e-01
5.333333333333333259e-01
8.677777777777778700e-01
9.466666666666667673e-01
8.644444444444444597e-01
9.144444444444443931e-01
8.888888888888888395e-01
9.422222222222221832e-01
9.133333333333333304e-01
7.755555555555555536e-01
9.211111111111111027e-01
8.622222222222222232e-01
7.299999999999999822e-01
8.966666666666667229e-01
9.388888888888888840e-01
9.811111111111111560e-01
9.255555555555554648e-01
9.666666666666665630e-01
9.411111111111111205e-01
8.666666666666666963e-01
9.144444444444443931e-01
9.533333333333333659e-01
9.277777777777778123e-01
8.922222222222222499e-01
9.477777777777778301e-01
