7.333333333333333925e-01
5.133333333333331971e-01
8.588888888888889239e-01
9.677777777777778478e-01
9.922222222222222276e-01
9.888888888888889284e-01
8.933333333333333126e-01
9.611111111111111382e-01
9.477777777777778301e-01
9.744444444444444464e-01
9.388888888888888840e-01
8.588888888888888129e-01
9.599999999999999645e-01
8.588888888888888129e-01
8.255555555555555980e-01
8.366666666666666696e-01
9.122222222222222676e-01
8.622222222222222232e-01
9.633333333333333748e-01
8.144444444444444153e-01
4.577777777777777835e-01
8.100000000000000533e-01
8.611111111111111605e-01
7.977777777777776969e-01
7.744444444444444908e-01
8.222222222222221877e-01
5.522222222222221699e-01
8.699999999999999956e-01
9.077777777777777946e-01
8.866666666666667140e-01
9.000000000000000222e-01
7.044444444444444287e-01
8.133333333333333526e-01
9.755555555555555092e-01
8.111111111111111160e-01
7.666666666666667185e-01
8.133333333333333526e-01
7.266666666666665719e-01
8.877777777777777768e-01
9.177777777777778034e-01
9.288888888888888751e-01
9.688888888888889106e-01
9.588888888888889017e-01
9.299999999999999378e-01
8.777777777777777679e-01
9.155555555555555669e-01
9.188888888888888662e-01
8.911111111111110761e-01
8.744444444444444686e-01
9.422222222222221832e-01
