6.222222222222222321e-01
5.655555555555555891e-01
7.477777777777777635e-01
9.633333333333333748e-01
9.877777777777777546e-01
9.855555555555555181e-01
9.622222222222222010e-01
9.288888888888888751e-01
9.499999999999999556e-01
9.499999999999999556e-01
9.033333333333333215e-01
9.322222222222222854e-01
9.144444444444443931e-01
7.766666666666666163e-01
8.944444444444443754e-01
6.722222222222222765e-01
8.911111111111110761e-01
8.277777777777777235e-01
8.866666666666666030e-01
8.866666666666666030e-01
7.066666666666666652e-01
7.066666666666665542e-01
8.400000000000000799e-01
5.855555555555556069e-01
6.533333333333333215e-01
8.722222222222222321e-01
5.644444444444445264e-01
8.388888888888887951e-01
9.688888888888887996e-01
9.544444444444444287e-01
7.933333333333333348e-01
7.311111111111110450e-01
9.177777777777778034e-01
9.044444444444444953e-01
8.233333333333333615e-01
8.255555555555555980e-01
8.144444444444444153e-01
7.911111111111110983e-01
9.500000000000000666e-01
9.355555555555555847e-01
9.588888888888889017e-01
9.766666666666666829e-01
8.899999999999999023e-01
9.399999999999999467e-01
9.066666666666666208e-01
8.922222222222222499e-01
9.699999999999999734e-01
9.377777777777778212e-01
9.633333333333333748e-01
8.877777777777777768e-01
