6.511111111111110850e-01
2.766666666666666163e-01
7.722222222222222543e-01
9.700000000000000844e-01
9.744444444444444464e-01
9.588888888888889017e-01
8.722222222222222321e-01
9.477777777777777191e-01
9.022222222222221477e-01
8.922222222222221388e-01
9.444444444444444198e-01
9.288888888888888751e-01
9.344444444444445219e-01
7.444444444444444642e-01
7.566666666666667096e-01
7.911111111111110983e-01
8.433333333333332682e-01
8.466666666666667895e-01
9.266666666666667496e-01
7.700000000000000178e-01
5.022222222222222365e-01
8.622222222222222232e-01
7.988888888888888706e-01
8.100000000000000533e-01
9.455555555555554825e-01
8.388888888888887951e-01
5.888888888888889062e-01
8.655555555555555225e-01
9.255555555555555758e-01
9.266666666666667496e-01
8.555555555555556246e-01
7.955555555555555713e-01
8.811111111111110672e-01
9.044444444444443842e-01
8.111111111111111160e-01
9.244444444444444020e-01
6.833333333333333481e-01
5.533333333333333437e-01
9.088888888888888573e-01
9.444444444444445308e-01
9.533333333333333659e-01
9.299999999999999378e-01
9.255555555555555758e-01
9.233333333333333393e-01
9.555555555555556024e-01
8.866666666666666030e-01
9.100000000000000311e-01
9.433333333333332460e-01
8.988888888888889594e-01
9.388888888888888840e-01
