1.000000000000000000e+00
9.944444298744201660e-01
9.988889098167419434e-01
1.000000000000000000e+00
9.888888597488403320e-01
9.777777791023254395e-01
9.977777600288391113e-01
8.733333349227905273e-01
9.888888597488403320e-01
8.777777552604675293e-01
9.033333063125610352e-01
9.422222375869750977e-01
8.033333420753479004e-01
9.633333086967468262e-01
9.166666865348815918e-01
7.599999904632568359e-01
9.455555677413940430e-01
9.444444179534912109e-01
8.688889145851135254e-01
9.377777576446533203e-01
