9.966666698455810547e-01
1.000000000000000000e+00
9.700000286102294922e-01
9.711111187934875488e-01
9.877777695655822754e-01
9.922222495079040527e-01
9.577777981758117676e-01
9.700000286102294922e-01
8.833333253860473633e-01
9.811111092567443848e-01
7.988888621330261230e-01
9.655555486679077148e-01
8.955555558204650879e-01
9.755555391311645508e-01
9.655555486679077148e-01
8.666666746139526367e-01
9.244444370269775391e-01
8.777777552604675293e-01
9.566666483879089355e-01
8.888888955116271973e-01
