9.944444298744201660e-01
9.844444394111633301e-01
9.888888597488403320e-01
9.811111092567443848e-01
9.933333396911621094e-01
9.355555772781372070e-01
9.655555486679077148e-01
9.433333277702331543e-01
9.944444298744201660e-01
9.366666674613952637e-01
9.166666865348815918e-01
9.433333277702331543e-01
8.877778053283691406e-01
7.900000214576721191e-01
8.344444632530212402e-01
9.100000262260437012e-01
9.077777862548828125e-01
9.188888669013977051e-01
8.633333444595336914e-01
8.999999761581420898e-01
