9.922222495079040527e-01
9.966666698455810547e-01
9.944444298744201660e-01
9.433333277702331543e-01
9.833333492279052734e-01
9.555555582046508789e-01
9.833333492279052734e-01
9.722222089767456055e-01
9.766666889190673828e-01
9.622222185134887695e-01
9.888888597488403320e-01
9.077777862548828125e-01
9.211111068725585938e-01
9.155555367469787598e-01
9.077777862548828125e-01
9.233333468437194824e-01
9.222221970558166504e-01
8.466666936874389648e-01
8.866666555404663086e-01
8.522222042083740234e-01
