6.915219611848826275e-01
4.351378958120531437e-01
6.241062308478038112e-01
7.007150153217569510e-01
6.935648621041879958e-01
5.730337078651684957e-01
7.007150153217569510e-01
7.558733401430030030e-01
9.295199182839632979e-01
6.649642492339121747e-01
5.801838610827374509e-01
6.057201225740551642e-01
9.009193054136874768e-01
8.222676200204289687e-01
9.244126659856997108e-01
8.712972420837589160e-01
6.843718079673135612e-01
7.701736465781409136e-01
7.334014300306435086e-01
8.804902962206333505e-01
8.365679264555668793e-01
8.927477017364657819e-01
9.264555669050049680e-01
8.723186925434116556e-01
8.682328907048006972e-01
8.743615934627170239e-01
9.039836567926455846e-01
8.518896833503575294e-01
9.121552604698672795e-01
9.325842696629212947e-01
9.479060265577119448e-01
9.703779366700715503e-01
9.499489274770173131e-01
9.274770173646578186e-01
9.785495403472931342e-01
9.662921348314605918e-01
9.193054136874361237e-01
9.550561797752810111e-01
9.254341164453523394e-01
9.479060265577120559e-01
9.601634320735443762e-01
