4.316666666666666985e-01
3.877777777777777768e-01
7.022222222222221921e-01
7.377777777777777546e-01
5.677777777777778256e-01
6.533333333333333215e-01
8.633333333333332860e-01
7.288888888888889195e-01
8.988888888888888484e-01
5.522222222222221699e-01
6.999999999999999556e-01
8.444444444444444420e-01
7.855555555555554514e-01
9.266666666666666385e-01
8.266666666666666607e-01
8.200000000000000622e-01
8.655555555555556335e-01
9.511111111111111294e-01
8.544444444444445619e-01
8.733333333333334059e-01
9.155555555555554559e-01
9.422222222222222943e-01
9.544444444444444287e-01
8.533333333333332771e-01
9.000000000000000222e-01
9.177777777777778034e-01
8.522222222222222143e-01
8.788888888888889417e-01
9.811111111111111560e-01
9.644444444444444375e-01
9.100000000000001421e-01
9.544444444444444287e-01
9.688888888888889106e-01
9.333333333333333481e-01
9.699999999999999734e-01
9.844444444444444553e-01
9.344444444444444109e-01
9.499999999999999556e-01
9.411111111111110095e-01
9.833333333333333925e-01
9.444444444444445308e-01
