6.266666666666667052e-01
4.899999999999999911e-01
5.255555555555555536e-01
8.533333333333333881e-01
6.399999999999999023e-01
5.300000000000000266e-01
7.066666666666666652e-01
6.833333333333333481e-01
8.933333333333333126e-01
6.799999999999999378e-01
6.388888888888888395e-01
6.866666666666666474e-01
8.700000000000001066e-01
8.077777777777777057e-01
8.677777777777777590e-01
8.777777777777777679e-01
7.700000000000000178e-01
8.877777777777777768e-01
8.199999999999999512e-01
8.688888888888888218e-01
9.322222222222221744e-01
8.766666666666667052e-01
9.377777777777778212e-01
8.999999999999999112e-01
8.699999999999999956e-01
8.911111111111110761e-01
9.533333333333333659e-01
9.422222222222222943e-01
9.444444444444444198e-01
8.655555555555556335e-01
9.222222222222222765e-01
9.466666666666666563e-01
9.099999999999999201e-01
9.644444444444444375e-01
9.866666666666666918e-01
9.288888888888888751e-01
9.522222222222221921e-01
9.566666666666666652e-01
9.899999999999999911e-01
9.311111111111111116e-01
9.455555555555554825e-01
