3.455555555555555602e-01
3.900000000000000133e-01
8.311111111111111338e-01
6.944444444444444198e-01
5.833333333333332593e-01
6.344444444444444775e-01
7.433333333333332904e-01
7.255555555555555092e-01
8.522222222222222143e-01
5.355555555555555625e-01
7.166666666666666741e-01
6.466666666666667229e-01
7.044444444444444287e-01
8.544444444444443398e-01
8.744444444444444686e-01
8.088888888888888795e-01
8.011111111111111072e-01
8.199999999999999512e-01
8.677777777777777590e-01
8.744444444444444686e-01
9.077777777777777946e-01
8.866666666666666030e-01
9.588888888888889017e-01
9.133333333333333304e-01
9.122222222222222676e-01
8.688888888888888218e-01
9.711111111111111471e-01
9.344444444444444109e-01
9.644444444444444375e-01
9.555555555555556024e-01
9.688888888888889106e-01
9.244444444444445130e-01
9.255555555555554648e-01
9.677777777777777368e-01
9.499999999999999556e-01
9.388888888888888840e-01
9.388888888888888840e-01
9.255555555555555758e-01
9.155555555555555669e-01
9.799999999999999822e-01
9.444444444444444198e-01
