6.516853932584270037e-01
5.924412665985699933e-01
9.642492339121552236e-01
9.193054136874361237e-01
7.548518896833502634e-01
8.079673135852911692e-01
8.876404494382023058e-01
9.693564862104186997e-01
8.947906026557712611e-01
9.284984678243106693e-01
8.426966292134832059e-01
9.233912155260469712e-01
9.407558733401429896e-01
9.611848825331971158e-01
9.979570990806945208e-01
9.407558733401429896e-01
9.131767109295199081e-01
9.233912155260469712e-01
9.080694586312563210e-01
9.632277834525025950e-01
8.702757916241061764e-01
9.468845760980593163e-01
8.866189989785495662e-01
8.968335035750766293e-01
8.661899897854954400e-01
8.794688457609804999e-01
8.600612870275791133e-01
9.131767109295199081e-01
9.397344228804903610e-01
8.661899897854954400e-01
9.713993871297241789e-01
9.050051072522982132e-01
8.917262512768130422e-01
9.816138917262513530e-01
9.662921348314607028e-01
8.682328907048009192e-01
9.152196118488253873e-01
9.509703779366700527e-01
8.682328907048008082e-01
9.519918283963227923e-01
9.182839632277833841e-01
