3.382173382173382370e-01
4.493284493284492864e-01
8.571428571428570953e-01
8.791208791208791062e-01
8.083028083028083177e-01
7.789987789987790068e-01
9.694749694749694724e-01
9.145299145299145005e-01
9.169719169719170448e-01
8.681318681318681563e-01
8.937728937728937062e-01
8.864468864468865172e-01
9.499389499389498948e-01
9.206349206349206948e-01
8.547008547008547730e-01
9.816849816849817500e-01
9.804639804639805334e-01
9.340659340659339671e-01
9.120879120879121782e-01
9.621489621489620614e-01
9.951159951159951333e-01
9.829059829059829667e-01
9.706959706959706891e-01
9.181929181929180395e-01
8.742368742368742396e-01
9.609279609279608447e-01
9.792429792429792057e-01
9.450549450549450281e-01
8.107448107448107510e-01
9.633699633699633891e-01
9.120879120879119561e-01
9.340659340659340781e-01
8.693528693528693729e-01
8.339438339438338677e-01
9.474969474969475725e-01
9.499389499389498948e-01
9.865689865689865057e-01
9.755799755799755557e-01
9.609279609279608447e-01
9.572649572649573058e-01
9.145299145299145005e-01
