4.433094994892747831e-01
3.891726251276813042e-01
8.386108273748723585e-01
9.376915219611848817e-01
7.272727272727272929e-01
8.161389172625128641e-01
8.886618998978550454e-01
8.845760980592440870e-01
8.672114402451480686e-01
9.550561797752810111e-01
9.427987742594483578e-01
9.560776302349336397e-01
8.825331971399388298e-01
9.601634320735443762e-01
8.845760980592441980e-01
9.856996935648620894e-01
8.917262512768130422e-01
8.774259448416752427e-01
9.560776302349336397e-01
9.836567926455567212e-01
9.417773237997957292e-01
8.825331971399387188e-01
9.346271705822267739e-01
9.244126659856997108e-01
8.396322778345249871e-01
8.937691521961184105e-01
9.499489274770173131e-01
9.019407558733401054e-01
9.601634320735443762e-01
9.039836567926455846e-01
9.407558733401428785e-01
9.090909090909091717e-01
8.815117466802859791e-01
9.366700715015321421e-01
8.294177732379979240e-01
9.499489274770174241e-01
8.774259448416752427e-01
9.560776302349336397e-01
9.458631256384064656e-01
9.039836567926455846e-01
9.795709908069458738e-01
