6.400000000000000133e-01
6.477777777777777857e-01
6.533333333333333215e-01
7.388888888888889284e-01
6.588888888888888573e-01
5.566666666666666430e-01
7.600000000000000089e-01
5.366666666666666252e-01
5.633333333333333526e-01
6.477777777777777857e-01
5.155555555555555447e-01
5.533333333333333437e-01
4.733333333333333282e-01
5.866666666666666696e-01
6.199999999999999956e-01
7.133333333333332638e-01
6.155555555555555225e-01
6.411111111111110761e-01
7.688888888888888440e-01
6.144444444444444597e-01
6.133333333333332860e-01
6.500000000000000222e-01
6.533333333333333215e-01
6.044444444444444509e-01
5.600000000000000533e-01
4.388888888888888840e-01
6.433333333333333126e-01
7.822222222222221522e-01
6.199999999999998845e-01
6.722222222222222765e-01
4.788888888888888640e-01
7.722222222222222543e-01
7.555555555555555358e-01
5.477777777777778079e-01
6.300000000000000044e-01
5.611111111111112271e-01
7.055555555555554914e-01
5.766666666666666607e-01
6.822222222222221744e-01
6.933333333333333570e-01
6.844444444444444109e-01
4.755555555555555092e-01
5.611111111111111160e-01
6.177777777777777590e-01
4.533333333333333659e-01
6.300000000000000044e-01
8.755555555555555314e-01
5.866666666666666696e-01
5.333333333333333259e-01
4.155555555555555114e-01
