6.011111111111111516e-01
5.033333333333332993e-01
6.344444444444444775e-01
6.455555555555555491e-01
5.733333333333333615e-01
6.333333333333333037e-01
8.588888888888889239e-01
4.722222222222222099e-01
7.766666666666666163e-01
6.577777777777777946e-01
7.033333333333333659e-01
6.988888888888888928e-01
7.444444444444444642e-01
4.944444444444444642e-01
6.122222222222222232e-01
5.166666666666666075e-01
6.622222222222222676e-01
6.544444444444443842e-01
6.566666666666667318e-01
5.722222222222221877e-01
6.322222222222222410e-01
5.388888888888888618e-01
6.133333333333332860e-01
6.588888888888888573e-01
5.422222222222221610e-01
7.122222222222222010e-01
6.122222222222222232e-01
8.199999999999999512e-01
6.277777777777777679e-01
6.277777777777777679e-01
7.377777777777777546e-01
4.966666666666666452e-01
6.888888888888888840e-01
4.666666666666666741e-01
6.500000000000000222e-01
7.788888888888888529e-01
5.166666666666666075e-01
4.333333333333332926e-01
8.133333333333333526e-01
5.177777777777776702e-01
2.988888888888888706e-01
5.355555555555555625e-01
5.455555555555555713e-01
6.799999999999999378e-01
6.944444444444444198e-01
6.988888888888888928e-01
5.400000000000000355e-01
5.766666666666666607e-01
4.966666666666666452e-01
8.888888888888888395e-01
