9.277777777777777013e-01
6.477777777777777857e-01
5.622222222222221788e-01
6.377777777777777768e-01
5.855555555555554959e-01
7.766666666666666163e-01
5.944444444444445530e-01
7.833333333333334370e-01
7.122222222222223120e-01
7.011111111111111294e-01
6.177777777777777590e-01
5.944444444444444420e-01
8.611111111111111605e-01
5.611111111111111160e-01
6.800000000000000488e-01
5.766666666666666607e-01
7.155555555555555003e-01
6.911111111111111205e-01
7.077777777777777279e-01
8.044444444444445175e-01
8.033333333333333437e-01
6.266666666666667052e-01
4.744444444444444464e-01
5.699999999999999512e-01
5.577777777777777057e-01
4.777777777777778012e-01
6.811111111111111116e-01
6.444444444444443754e-01
3.888888888888888951e-01
5.022222222222222365e-01
5.711111111111111249e-01
4.299999999999999933e-01
6.577777777777776835e-01
7.500000000000000000e-01
5.188888888888888440e-01
7.433333333333332904e-01
3.966666666666666119e-01
4.077777777777777946e-01
6.244444444444444686e-01
6.822222222222221744e-01
3.211111111111111249e-01
6.011111111111111516e-01
6.733333333333333393e-01
6.199999999999999956e-01
5.244444444444444908e-01
6.811111111111111116e-01
6.855555555555555847e-01
7.011111111111111294e-01
6.066666666666665764e-01
4.866666666666666363e-01
