8.744444444444444686e-01
6.688888888888888662e-01
4.944444444444444642e-01
5.022222222222222365e-01
4.455555555555555380e-01
8.166666666666666519e-01
8.455555555555556158e-01
5.699999999999999512e-01
7.399999999999998801e-01
6.566666666666667318e-01
7.255555555555556202e-01
6.500000000000000222e-01
5.200000000000000178e-01
6.244444444444443576e-01
5.044444444444444731e-01
5.444444444444443976e-01
7.144444444444444375e-01
6.844444444444445219e-01
6.722222222222222765e-01
6.911111111111111205e-01
6.933333333333333570e-01
5.611111111111111160e-01
4.899999999999999911e-01
6.677777777777778034e-01
6.088888888888888129e-01
6.622222222222221566e-01
5.544444444444445175e-01
7.988888888888889817e-01
5.022222222222222365e-01
5.288888888888888529e-01
7.900000000000000355e-01
5.400000000000000355e-01
5.366666666666666252e-01
6.355555555555555403e-01
6.255555555555555314e-01
5.444444444444445086e-01
4.255555555555555203e-01
5.277777777777777901e-01
5.766666666666666607e-01
7.277777777777777457e-01
6.711111111111112137e-01
5.122222222222221344e-01
4.277777777777777568e-01
5.466666666666666341e-01
6.444444444444443754e-01
7.522222222222222365e-01
6.555555555555555580e-01
7.500000000000000000e-01
5.388888888888888618e-01
6.244444444444444686e-01
