6.088888888888888129e-01
4.922222222222222276e-01
4.888888888888888729e-01
6.855555555555554736e-01
8.477777777777777413e-01
7.688888888888889550e-01
5.777777777777777235e-01
3.388888888888889062e-01
5.355555555555555625e-01
8.511111111111111516e-01
6.055555555555555136e-01
6.166666666666666963e-01
5.233333333333333171e-01
6.277777777777777679e-01
6.999999999999999556e-01
6.544444444444444953e-01
4.799999999999999822e-01
6.822222222222222854e-01
5.733333333333332504e-01
5.411111111111110983e-01
6.511111111111111960e-01
4.977777777777777635e-01
6.566666666666666208e-01
8.122222222222222898e-01
8.244444444444444242e-01
7.877777777777777990e-01
9.333333333333333481e-01
8.933333333333333126e-01
8.066666666666666430e-01
9.000000000000000222e-01
7.788888888888888529e-01
9.022222222222222587e-01
8.933333333333333126e-01
8.911111111111110761e-01
8.144444444444445264e-01
8.411111111111111427e-01
8.533333333333333881e-01
9.699999999999999734e-01
1.000000000000000000e+00
1.000000000000000000e+00
9.855555555555556291e-01
9.988888888888889372e-01
1.000000000000000000e+00
9.988888888888889372e-01
9.933333333333334014e-01
1.000000000000000000e+00
9.988888888888889372e-01
1.000000000000000000e+00
9.899999999999999911e-01
9.955555555555555269e-01
