6.022222222222222143e-01
4.833333333333333925e-01
5.277777777777779011e-01
7.588888888888889461e-01
9.522222222222223031e-01
7.111111111111110272e-01
7.355555555555556291e-01
7.088888888888889017e-01
5.600000000000000533e-01
7.244444444444444464e-01
8.055555555555554692e-01
6.155555555555555225e-01
6.577777777777777946e-01
7.233333333333332726e-01
5.622222222222221788e-01
6.177777777777777590e-01
5.088888888888889461e-01
6.555555555555555580e-01
3.511111111111111516e-01
5.366666666666666252e-01
6.400000000000000133e-01
5.711111111111111249e-01
5.588888888888888795e-01
8.688888888888888218e-01
9.255555555555555758e-01
8.655555555555556335e-01
9.566666666666666652e-01
9.533333333333333659e-01
7.222222222222222099e-01
9.533333333333333659e-01
8.222222222222221877e-01
9.300000000000000488e-01
9.644444444444444375e-01
7.422222222222222276e-01
6.177777777777777590e-01
8.411111111111110317e-01
9.444444444444444198e-01
9.344444444444445219e-01
9.922222222222222276e-01
9.955555555555556380e-01
1.000000000000000000e+00
1.000000000000000000e+00
1.000000000000000000e+00
9.933333333333334014e-01
9.933333333333332904e-01
1.000000000000000000e+00
9.977777777777777635e-01
1.000000000000000000e+00
9.955555555555556380e-01
9.955555555555555269e-01
