6.266666666666667052e-01
5.622222222222221788e-01
3.477777777777777968e-01
6.533333333333333215e-01
8.522222222222222143e-01
6.833333333333333481e-01
5.955555555555556158e-01
5.755555555555555980e-01
6.977777777777778301e-01
4.477777777777777746e-01
5.866666666666666696e-01
6.055555555555556246e-01
6.988888888888888928e-01
7.566666666666667096e-01
6.500000000000000222e-01
6.588888888888888573e-01
5.800000000000000711e-01
5.144444444444444819e-01
6.288888888888889417e-01
5.255555555555555536e-01
4.533333333333333104e-01
5.144444444444444819e-01
7.366666666666666918e-01
5.488888888888888706e-01
7.611111111111110716e-01
7.977777777777776969e-01
9.577777777777777279e-01
9.422222222222221832e-01
8.744444444444444686e-01
8.499999999999999778e-01
7.166666666666666741e-01
9.722222222222220989e-01
9.699999999999999734e-01
7.900000000000000355e-01
7.877777777777777990e-01
7.511111111111110628e-01
8.855555555555556513e-01
9.888888888888888173e-01
1.000000000000000000e+00
1.000000000000000000e+00
9.966666666666667007e-01
9.988888888888889372e-01
1.000000000000000000e+00
9.788888888888889195e-01
9.988888888888889372e-01
9.944444444444444642e-01
9.888888888888889284e-01
9.944444444444444642e-01
1.000000000000000000e+00
9.977777777777777635e-01
