6.833333333333333481e-01
4.188888888888889217e-01
5.011111111111110628e-01
6.622222222222222676e-01
8.844444444444443665e-01
7.555555555555555358e-01
5.977777777777777413e-01
6.633333333333333304e-01
6.499999999999999112e-01
6.866666666666666474e-01
6.611111111111110938e-01
6.344444444444443665e-01
6.177777777777777590e-01
7.322222222222222188e-01
7.844444444444444997e-01
6.788888888888888751e-01
5.777777777777777235e-01
7.888888888888888618e-01
5.777777777777777235e-01
6.122222222222222232e-01
8.200000000000000622e-01
6.766666666666666385e-01
5.955555555555556158e-01
5.800000000000000711e-01
8.244444444444443132e-01
8.688888888888889328e-01
9.722222222222222099e-01
9.066666666666666208e-01
6.799999999999999378e-01
8.900000000000000133e-01
6.388888888888888395e-01
9.688888888888889106e-01
8.944444444444443754e-01
8.166666666666666519e-01
8.544444444444444509e-01
8.388888888888889062e-01
9.511111111111110183e-01
9.644444444444444375e-01
9.755555555555555092e-01
9.966666666666667007e-01
9.899999999999999911e-01
1.000000000000000000e+00
1.000000000000000000e+00
9.933333333333334014e-01
9.988888888888889372e-01
9.888888888888889284e-01
9.944444444444444642e-01
9.922222222222222276e-01
9.988888888888889372e-01
9.877777777777777546e-01
