4.788888888888889195e-01
4.144444444444444486e-01
4.344444444444444109e-01
7.933333333333333348e-01
9.044444444444444953e-01
6.966666666666666563e-01
5.844444444444444331e-01
4.433333333333333015e-01
6.533333333333333215e-01
6.877777777777778212e-01
6.455555555555555491e-01
5.488888888888888706e-01
6.311111111111111782e-01
6.122222222222222232e-01
6.633333333333333304e-01
5.677777777777778256e-01
4.144444444444443931e-01
5.355555555555555625e-01
6.644444444444445041e-01
5.755555555555555980e-01
5.166666666666666075e-01
6.122222222222222232e-01
5.333333333333333259e-01
6.888888888888888840e-01
8.488888888888888040e-01
8.055555555555555802e-01
9.144444444444443931e-01
9.355555555555555847e-01
8.055555555555555802e-01
8.866666666666667140e-01
6.633333333333333304e-01
9.499999999999999556e-01
9.433333333333333570e-01
7.633333333333333082e-01
5.444444444444445086e-01
9.155555555555556779e-01
9.433333333333333570e-01
9.466666666666666563e-01
9.988888888888889372e-01
1.000000000000000000e+00
9.844444444444444553e-01
1.000000000000000000e+00
1.000000000000000000e+00
9.777777777777777457e-01
9.988888888888889372e-01
9.822222222222222188e-01
9.899999999999999911e-01
9.899999999999999911e-01
9.922222222222222276e-01
9.877777777777778656e-01
