5.588888888888888795e-01
5.377777777777776880e-01
4.688888888888889106e-01
7.133333333333333748e-01
9.455555555555555935e-01
7.711111111111110805e-01
5.722222222222221877e-01
5.822222222222223076e-01
5.900000000000000799e-01
5.477777777777778079e-01
5.244444444444444908e-01
8.400000000000001910e-01
8.244444444444444242e-01
5.566666666666666430e-01
6.833333333333333481e-01
6.422222222222221388e-01
5.344444444444444997e-01
5.999999999999999778e-01
5.677777777777777146e-01
5.377777777777777990e-01
5.455555555555555713e-01
5.544444444444444065e-01
6.011111111111111516e-01
7.511111111111110628e-01
8.333333333333332593e-01
8.277777777777777235e-01
8.833333333333333037e-01
8.555555555555555136e-01
6.333333333333333037e-01
9.122222222222222676e-01
8.455555555555556158e-01
9.166666666666667407e-01
8.866666666666667140e-01
8.666666666666666963e-01
7.455555555555555269e-01
7.777777777777776791e-01
9.644444444444444375e-01
9.277777777777778123e-01
9.822222222222222188e-01
1.000000000000000000e+00
9.933333333333332904e-01
9.988888888888889372e-01
9.888888888888888173e-01
9.933333333333334014e-01
9.955555555555556380e-01
9.966666666666667007e-01
9.855555555555555181e-01
9.899999999999999911e-01
9.955555555555556380e-01
9.800000000000000933e-01
