7.855555555555555625e-01
5.966666666666666785e-01
4.611111111111110827e-01
7.744444444444444908e-01
9.155555555555555669e-01
7.788888888888888529e-01
5.266666666666667274e-01
8.666666666666666963e-01
9.533333333333333659e-01
6.799999999999999378e-01
8.444444444444444420e-01
7.044444444444444287e-01
8.822222222222222410e-01
7.500000000000000000e-01
6.188888888888888218e-01
7.133333333333333748e-01
7.511111111111110628e-01
7.655555555555555447e-01
8.955555555555556602e-01
6.577777777777777946e-01
7.600000000000000089e-01
7.433333333333334014e-01
6.844444444444444109e-01
7.611111111111110716e-01
5.600000000000000533e-01
6.411111111111111871e-01
7.455555555555555269e-01
7.555555555555555358e-01
7.100000000000000755e-01
8.922222222222221388e-01
6.088888888888888129e-01
8.611111111111111605e-01
6.533333333333333215e-01
9.755555555555555092e-01
8.188888888888889994e-01
7.444444444444444642e-01
7.800000000000001377e-01
6.999999999999999556e-01
9.533333333333333659e-01
9.611111111111110272e-01
6.999999999999999556e-01
