8.077777777777778168e-01
7.944444444444443976e-01
5.899999999999999689e-01
9.255555555555555758e-01
6.266666666666667052e-01
9.122222222222222676e-01
6.322222222222222410e-01
5.555555555555554692e-01
7.833333333333333259e-01
6.466666666666667229e-01
9.188888888888888662e-01
7.911111111111110983e-01
7.399999999999999911e-01
7.955555555555555713e-01
5.011111111111110628e-01
9.411111111111111205e-01
8.100000000000000533e-01
9.177777777777778034e-01
8.899999999999999023e-01
6.644444444444443931e-01
8.544444444444444509e-01
8.533333333333332771e-01
7.833333333333334370e-01
6.433333333333333126e-01
9.300000000000000488e-01
6.822222222222221744e-01
9.288888888888888751e-01
7.966666666666666341e-01
7.566666666666667096e-01
6.666666666666667407e-01
6.155555555555556335e-01
8.522222222222222143e-01
8.811111111111110672e-01
9.122222222222221566e-01
5.855555555555556069e-01
8.633333333333332860e-01
8.133333333333333526e-01
6.833333333333333481e-01
7.511111111111111738e-01
6.744444444444444020e-01
6.122222222222222232e-01
