3.988888888888888484e-01
5.088888888888888351e-01
5.400000000000000355e-01
5.888888888888889062e-01
6.255555555555555314e-01
5.588888888888888795e-01
9.133333333333333304e-01
8.366666666666666696e-01
5.444444444444443976e-01
8.411111111111111427e-01
8.544444444444444509e-01
7.966666666666666341e-01
9.255555555555554648e-01
9.144444444444442821e-01
9.677777777777777368e-01
9.333333333333333481e-01
9.844444444444444553e-01
9.555555555555556024e-01
9.577777777777778390e-01
9.377777777777778212e-01
8.800000000000000044e-01
9.277777777777777013e-01
9.022222222222222587e-01
9.777777777777778567e-01
9.466666666666667673e-01
9.433333333333332460e-01
9.566666666666665542e-01
9.355555555555554736e-01
9.166666666666666297e-01
9.344444444444444109e-01
9.299999999999999378e-01
9.488888888888888928e-01
8.799999999999998934e-01
9.233333333333333393e-01
9.500000000000000666e-01
9.688888888888889106e-01
9.699999999999999734e-01
9.688888888888889106e-01
9.377777777777777102e-01
9.744444444444444464e-01
9.433333333333333570e-01
