5.255555555555555536e-01
5.711111111111111249e-01
6.211111111111111693e-01
4.966666666666667007e-01
6.822222222222222854e-01
6.166666666666666963e-01
9.555555555555554914e-01
6.988888888888888928e-01
7.644444444444444819e-01
7.655555555555555447e-01
8.388888888888887951e-01
9.000000000000000222e-01
8.988888888888888484e-01
9.266666666666667496e-01
9.144444444444445041e-01
9.555555555555554914e-01
9.755555555555556202e-01
9.577777777777777279e-01
9.411111111111111205e-01
9.366666666666666474e-01
9.788888888888889195e-01
9.777777777777777457e-01
9.266666666666667496e-01
9.299999999999999378e-01
9.455555555555555935e-01
9.399999999999999467e-01
9.811111111111110450e-01
9.033333333333333215e-01
9.611111111111111382e-01
9.666666666666666741e-01
9.322222222222221744e-01
9.688888888888889106e-01
9.777777777777778567e-01
9.522222222222223031e-01
9.299999999999999378e-01
9.355555555555555847e-01
9.299999999999999378e-01
9.133333333333333304e-01
9.277777777777778123e-01
9.455555555555555935e-01
9.544444444444444287e-01
