4.538888888888888973e-01
4.366666666666667029e-01
5.622222222222221788e-01
6.011111111111110406e-01
5.788888888888888973e-01
6.755555555555555758e-01
6.922222222222221832e-01
6.644444444444443931e-01
8.355555555555554959e-01
6.311111111111111782e-01
6.277777777777777679e-01
7.877777777777777990e-01
7.966666666666666341e-01
9.333333333333333481e-01
9.066666666666667318e-01
8.022222222222221699e-01
8.311111111111111338e-01
8.711111111111111693e-01
9.277777777777777013e-01
9.288888888888888751e-01
8.911111111111111871e-01
9.333333333333333481e-01
8.088888888888888795e-01
9.188888888888889772e-01
8.966666666666666119e-01
8.722222222222222321e-01
8.677777777777776480e-01
8.199999999999999512e-01
9.499999999999999556e-01
9.688888888888887996e-01
9.700000000000000844e-01
9.822222222222222188e-01
9.688888888888889106e-01
9.711111111111110361e-01
9.366666666666666474e-01
9.288888888888888751e-01
9.599999999999999645e-01
9.611111111111111382e-01
9.544444444444444287e-01
9.488888888888888928e-01
9.255555555555554648e-01
