5.020429009193054792e-01
6.813074565883555644e-01
6.813074565883554534e-01
5.403472931562819381e-01
5.372829417773238303e-01
5.842696629213482984e-01
7.313585291113381404e-01
7.201225740551583376e-01
9.387129724208376214e-01
4.708886618998979201e-01
6.108273748723187513e-01
7.344228804902961372e-01
8.110316649642492770e-01
8.590398365679264847e-01
8.416751787538304663e-01
8.304392236976506636e-01
8.416751787538303553e-01
8.764044943820225031e-01
8.988764044943819975e-01
9.039836567926455846e-01
7.711950970377936532e-01
9.233912155260469712e-01
9.673135852911133314e-01
9.387129724208376214e-01
9.336057201225740343e-01
8.845760980592440870e-01
9.336057201225741453e-01
9.152196118488253873e-01
9.611848825331972268e-01
9.336057201225741453e-01
9.611848825331971158e-01
9.867211440245148291e-01
9.479060265577119448e-01
9.856996935648620894e-01
9.581205311542390080e-01
9.877425944841675687e-01
9.438202247191012084e-01
9.152196118488253873e-01
9.959141981613891526e-01
9.683350357507660711e-01
9.601634320735443762e-01
