7.027777777777777235e-01
6.899999999999999467e-01
7.522222222222222365e-01
5.855555555555554959e-01
5.344444444444444997e-01
5.366666666666666252e-01
7.399999999999999911e-01
4.899999999999999911e-01
9.133333333333333304e-01
6.377777777777777768e-01
6.799999999999999378e-01
7.766666666666667274e-01
8.811111111111110672e-01
8.666666666666666963e-01
9.022222222222222587e-01
8.155555555555555891e-01
8.133333333333334636e-01
9.100000000000000311e-01
8.600000000000000977e-01
8.755555555555556424e-01
8.677777777777777590e-01
8.844444444444444775e-01
8.966666666666666119e-01
8.422222222222222054e-01
9.799999999999999822e-01
9.411111111111111205e-01
9.355555555555555847e-01
9.055555555555556690e-01
9.333333333333333481e-01
9.622222222222223120e-01
9.388888888888888840e-01
9.077777777777777946e-01
9.477777777777778301e-01
9.711111111111111471e-01
9.222222222222222765e-01
9.400000000000000577e-01
9.644444444444444375e-01
9.433333333333333570e-01
9.366666666666667584e-01
9.599999999999999645e-01
9.466666666666666563e-01
