8.100000000000000533e-01
6.311111111111110672e-01
5.911111111111111427e-01
5.022222222222222365e-01
8.944444444444444864e-01
8.766666666666667052e-01
7.511111111111110628e-01
9.555555555555554914e-01
6.377777777777777768e-01
7.555555555555555358e-01
7.988888888888888706e-01
9.444444444444444198e-01
6.033333333333333881e-01
8.866666666666667140e-01
7.877777777777776880e-01
6.977777777777778301e-01
8.022222222222221699e-01
7.900000000000000355e-01
7.588888888888889461e-01
9.000000000000000222e-01
6.011111111111111516e-01
7.188888888888889106e-01
7.344444444444444553e-01
7.722222222222221433e-01
6.655555555555555669e-01
6.511111111111110850e-01
5.522222222222221699e-01
7.766666666666666163e-01
8.399999999999999689e-01
9.177777777777778034e-01
7.777777777777777901e-01
8.366666666666666696e-01
6.288888888888888307e-01
6.744444444444444020e-01
4.033333333333333215e-01
7.344444444444444553e-01
8.555555555555556246e-01
5.422222222222221610e-01
8.422222222222222054e-01
6.288888888888889417e-01
6.777777777777778123e-01
