7.188888888888889106e-01
5.955555555555556158e-01
4.055555555555555580e-01
6.766666666666667496e-01
5.977777777777777413e-01
8.533333333333332771e-01
8.233333333333332504e-01
8.544444444444444509e-01
7.511111111111110628e-01
8.044444444444445175e-01
7.155555555555555003e-01
7.722222222222221433e-01
8.644444444444444597e-01
9.088888888888888573e-01
7.066666666666667762e-01
9.333333333333333481e-01
5.488888888888887596e-01
8.922222222222222499e-01
8.344444444444444331e-01
9.944444444444444642e-01
9.511111111111111294e-01
6.699999999999999289e-01
8.711111111111111693e-01
5.755555555555554870e-01
7.411111111111110539e-01
6.344444444444444775e-01
6.433333333333333126e-01
5.577777777777777057e-01
7.588888888888889461e-01
8.388888888888889062e-01
6.933333333333333570e-01
7.266666666666666829e-01
6.300000000000000044e-01
7.666666666666667185e-01
7.311111111111110450e-01
9.688888888888889106e-01
6.077777777777777501e-01
8.011111111111111072e-01
7.311111111111110450e-01
4.966666666666667007e-01
8.944444444444444864e-01
