9.199999999999999289e-01
4.300000000000000488e-01
7.211111111111111471e-01
8.022222222222222809e-01
8.822222222222222410e-01
6.233333333333332948e-01
7.299999999999999822e-01
9.199999999999999289e-01
8.944444444444443754e-01
8.066666666666666430e-01
8.466666666666666785e-01
9.133333333333333304e-01
8.611111111111111605e-01
7.422222222222222276e-01
4.788888888888889195e-01
8.200000000000000622e-01
6.966666666666667673e-01
9.422222222222221832e-01
7.211111111111111471e-01
8.622222222222222232e-01
9.011111111111110850e-01
6.355555555555555403e-01
7.311111111111110450e-01
6.811111111111111116e-01
6.955555555555555935e-01
7.022222222222223031e-01
6.588888888888888573e-01
9.333333333333333481e-01
6.911111111111111205e-01
6.411111111111111871e-01
4.355555555555555292e-01
5.499999999999999334e-01
7.899999999999999245e-01
7.922222222222221610e-01
6.877777777777777102e-01
8.788888888888888307e-01
5.688888888888888884e-01
9.488888888888888928e-01
5.366666666666666252e-01
6.122222222222222232e-01
7.322222222222222188e-01
