3.333333333333333703e-01
7.711111111111110805e-01
5.444444444444443976e-01
6.388888888888888395e-01
7.511111111111110628e-01
7.811111111111110894e-01
7.977777777777778079e-01
8.599999999999999867e-01
7.677777777777777812e-01
8.066666666666666430e-01
8.988888888888888484e-01
8.522222222222222143e-01
6.233333333333332948e-01
7.366666666666666918e-01
9.388888888888888840e-01
8.000000000000000444e-01
4.777777777777777457e-01
9.088888888888888573e-01
8.877777777777777768e-01
7.055555555555554914e-01
8.544444444444444509e-01
7.133333333333332638e-01
8.599999999999999867e-01
6.566666666666667318e-01
7.633333333333334192e-01
7.455555555555555269e-01
7.566666666666665986e-01
9.277777777777778123e-01
6.744444444444445130e-01
7.500000000000000000e-01
9.766666666666665719e-01
8.566666666666666874e-01
6.888888888888888840e-01
8.077777777777778168e-01
7.777777777777776791e-01
7.322222222222222188e-01
5.388888888888889728e-01
7.722222222222222543e-01
8.744444444444444686e-01
7.855555555555555625e-01
7.311111111111111560e-01
