8.021978021978022344e-01
6.117216117216117688e-01
7.387057387057386348e-01
2.820512820512820484e-01
3.589743589743589758e-01
6.459096459096458354e-01
8.510378510378510120e-01
9.242979242979242338e-01
6.214896214896215021e-01
7.216117216117216016e-01
9.194139194139193672e-01
8.620268620268619619e-01
9.474969474969474614e-01
8.510378510378510120e-01
8.888888888888888395e-01
9.462759462759462448e-01
9.218559218559219115e-01
8.620268620268619619e-01
9.731379731379731224e-01
8.974358974358973562e-01
9.377289377289377281e-01
9.426129426129425948e-01
9.804639804639805334e-01
9.072039072039073115e-01
9.816849816849817500e-01
9.413919413919413781e-01
9.877899877899877223e-01
8.925518925518926006e-01
9.523809523809524391e-01
9.340659340659339671e-01
9.804639804639805334e-01
9.084249084249084172e-01
9.706959706959706891e-01
9.719169719169719057e-01
9.279609279609279948e-01
9.536019536019535447e-01
9.218559218559218005e-01
9.169719169719169338e-01
9.731379731379731224e-01
9.426129426129425948e-01
9.841269841269840724e-01
