5.733333333333333615e-01
4.744444444444444464e-01
5.333333333333333259e-01
5.866666666666666696e-01
4.944444444444444642e-01
4.444444444444444753e-01
7.522222222222222365e-01
7.666666666666667185e-01
8.266666666666667718e-01
8.099999999999998312e-01
7.822222222222222632e-01
5.333333333333333259e-01
7.588888888888889461e-01
7.199999999999999734e-01
6.077777777777777501e-01
8.422222222222223165e-01
9.011111111111111960e-01
9.277777777777778123e-01
9.233333333333333393e-01
8.411111111111111427e-01
9.044444444444444953e-01
8.655555555555555225e-01
9.055555555555555580e-01
8.988888888888888484e-01
9.066666666666667318e-01
8.466666666666666785e-01
8.866666666666667140e-01
8.844444444444444775e-01
8.977777777777777857e-01
9.422222222222222943e-01
9.211111111111111027e-01
8.744444444444445796e-01
9.288888888888888751e-01
9.022222222222222587e-01
9.133333333333333304e-01
8.666666666666665853e-01
8.755555555555556424e-01
9.422222222222222943e-01
9.399999999999999467e-01
9.844444444444444553e-01
9.277777777777778123e-01
8.888888888888888395e-01
8.844444444444445885e-01
9.622222222222223120e-01
9.311111111111111116e-01
9.855555555555556291e-01
9.644444444444444375e-01
9.144444444444445041e-01
8.822222222222222410e-01
8.566666666666666874e-01
