6.922222222222221832e-01
4.977777777777777635e-01
5.477777777777776969e-01
6.855555555555555847e-01
5.666666666666666519e-01
5.066666666666665986e-01
7.377777777777777546e-01
8.044444444444445175e-01
7.711111111111110805e-01
7.711111111111110805e-01
7.788888888888889639e-01
7.222222222222223209e-01
7.255555555555556202e-01
9.266666666666666385e-01
5.533333333333333437e-01
7.733333333333333171e-01
8.444444444444443310e-01
9.233333333333333393e-01
8.655555555555556335e-01
8.777777777777777679e-01
9.544444444444444287e-01
9.233333333333333393e-01
8.644444444444444597e-01
7.688888888888888440e-01
9.166666666666667407e-01
8.844444444444443665e-01
9.255555555555555758e-01
9.599999999999999645e-01
9.433333333333332460e-01
9.288888888888889861e-01
9.133333333333333304e-01
8.888888888888888395e-01
9.000000000000001332e-01
8.766666666666667052e-01
9.488888888888888928e-01
8.455555555555556158e-01
7.399999999999999911e-01
9.522222222222221921e-01
9.500000000000000666e-01
9.733333333333333837e-01
8.611111111111111605e-01
9.355555555555555847e-01
9.633333333333333748e-01
8.766666666666667052e-01
8.900000000000000133e-01
9.433333333333333570e-01
8.966666666666666119e-01
9.866666666666666918e-01
8.666666666666666963e-01
9.922222222222222276e-01
