6.611111111111110938e-01
5.933333333333332682e-01
5.033333333333332993e-01
5.211111111111110805e-01
5.011111111111110628e-01
3.422222222222222054e-01
8.433333333333332682e-01
8.566666666666666874e-01
8.822222222222222410e-01
7.355555555555555181e-01
7.055555555555556024e-01
7.288888888888889195e-01
7.611111111111110716e-01
8.233333333333333615e-01
7.388888888888889284e-01
6.677777777777778034e-01
8.733333333333332948e-01
9.411111111111111205e-01
8.833333333333333037e-01
9.244444444444445130e-01
7.900000000000000355e-01
9.266666666666667496e-01
8.766666666666667052e-01
8.833333333333333037e-01
9.422222222222221832e-01
8.866666666666667140e-01
9.422222222222221832e-01
9.022222222222222587e-01
9.155555555555554559e-01
9.222222222222222765e-01
9.322222222222222854e-01
8.555555555555555136e-01
8.966666666666667229e-01
9.455555555555554825e-01
9.299999999999999378e-01
9.144444444444443931e-01
8.844444444444443665e-01
9.366666666666666474e-01
8.855555555555555403e-01
8.333333333333332593e-01
9.344444444444444109e-01
8.411111111111111427e-01
9.011111111111111960e-01
9.499999999999999556e-01
9.166666666666667407e-01
9.500000000000000666e-01
8.400000000000000799e-01
9.644444444444444375e-01
9.288888888888888751e-01
9.133333333333333304e-01
