6.355555555555555403e-01
4.388888888888888840e-01
4.222222222222222210e-01
3.288888888888888973e-01
5.766666666666666607e-01
4.166666666666665741e-01
6.911111111111111205e-01
7.888888888888888618e-01
7.177777777777777368e-01
7.944444444444443976e-01
6.766666666666666385e-01
8.555555555555556246e-01
6.500000000000000222e-01
7.311111111111110450e-01
7.722222222222222543e-01
8.355555555555556069e-01
9.188888888888888662e-01
8.666666666666666963e-01
9.477777777777777191e-01
9.577777777777777279e-01
8.422222222222223165e-01
8.900000000000000133e-01
9.766666666666666829e-01
9.000000000000000222e-01
9.099999999999999201e-01
9.355555555555555847e-01
9.000000000000000222e-01
9.288888888888888751e-01
8.911111111111111871e-01
9.044444444444443842e-01
8.788888888888888307e-01
9.522222222222221921e-01
8.922222222222222499e-01
9.555555555555554914e-01
9.488888888888888928e-01
9.444444444444444198e-01
9.266666666666667496e-01
9.066666666666667318e-01
9.711111111111110361e-01
8.433333333333332682e-01
8.944444444444445974e-01
9.455555555555555935e-01
9.311111111111112226e-01
9.500000000000000666e-01
8.922222222222221388e-01
8.655555555555555225e-01
9.222222222222221655e-01
9.422222222222222943e-01
9.311111111111110006e-01
9.677777777777778478e-01
