7.955555555555555713e-01
6.788888888888888751e-01
4.922222222222222276e-01
6.300000000000000044e-01
7.066666666666666652e-01
3.955555555555555491e-01
9.155555555555554559e-01
7.833333333333334370e-01
8.366666666666666696e-01
6.244444444444444686e-01
5.566666666666666430e-01
7.355555555555556291e-01
7.233333333333332726e-01
7.788888888888889639e-01
7.355555555555556291e-01
8.055555555555555802e-01
8.699999999999999956e-01
9.322222222222222854e-01
9.177777777777776924e-01
9.344444444444444109e-01
9.144444444444443931e-01
9.177777777777778034e-01
8.766666666666665941e-01
9.244444444444444020e-01
8.211111111111111249e-01
9.144444444444445041e-01
9.255555555555555758e-01
9.477777777777777191e-01
8.599999999999999867e-01
9.244444444444445130e-01
9.255555555555554648e-01
8.844444444444443665e-01
9.177777777777779145e-01
9.733333333333333837e-01
9.000000000000000222e-01
9.455555555555555935e-01
8.599999999999998757e-01
9.466666666666666563e-01
8.266666666666666607e-01
9.199999999999999289e-01
9.177777777777778034e-01
9.444444444444444198e-01
9.200000000000000400e-01
9.155555555555555669e-01
9.022222222222221477e-01
9.288888888888889861e-01
9.122222222222221566e-01
9.622222222222222010e-01
8.933333333333333126e-01
9.544444444444444287e-01
