5.088888888888889461e-01
7.888888888888888618e-01
9.988888888888889372e-01
9.544444444444445397e-01
9.811111111111110450e-01
9.877777777777778656e-01
9.811111111111111560e-01
9.899999999999999911e-01
9.888888888888888173e-01
9.800000000000000933e-01
9.988888888888889372e-01
9.888888888888888173e-01
9.866666666666666918e-01
9.922222222222222276e-01
9.566666666666665542e-01
9.922222222222222276e-01
9.811111111111111560e-01
9.711111111111110361e-01
1.000000000000000000e+00
9.933333333333334014e-01
9.988888888888889372e-01
9.755555555555556202e-01
9.977777777777777635e-01
9.699999999999999734e-01
9.966666666666665897e-01
9.522222222222223031e-01
1.000000000000000000e+00
9.333333333333333481e-01
9.977777777777777635e-01
1.000000000000000000e+00
9.866666666666665808e-01
9.644444444444444375e-01
9.822222222222223298e-01
9.977777777777777635e-01
9.899999999999999911e-01
9.911111111111110539e-01
9.588888888888889017e-01
9.966666666666667007e-01
9.988888888888889372e-01
9.922222222222222276e-01
9.966666666666665897e-01
1.000000000000000000e+00
9.922222222222222276e-01
9.955555555555556380e-01
9.877777777777777546e-01
9.777777777777777457e-01
9.422222222222221832e-01
9.944444444444444642e-01
9.577777777777777279e-01
9.944444444444444642e-01
